
Anfangsdatum <- c(
  "2013-12-01",
  "2014-01-01",
  "2014-02-01",
  "2014-03-01",
  "2014-04-01",
  "2014-05-01",
  "2014-06-01",
  "2014-07-01",
  "2014-08-01",
  "2014-09-01",
  "2014-10-01",
  "2014-11-01",
  "2014-12-01",
  "2015-01-01",
  "2015-02-01",
  "2015-03-01",
  "2015-04-01",
  "2015-05-01",
  "2015-06-01",
  "2015-07-01",
  "2015-08-01",
  "2015-09-01",
  "2015-10-01",
  "2015-11-01",
  "2015-12-01",
  "2016-01-01"
)

Enddatum <- c(
  "2013-12-31",
  "2014-01-31",
  "2014-02-28",
  "2014-03-31",
  "2014-04-30",
  "2014-05-31",
  "2014-06-30",
  "2014-07-31",
  "2014-08-31",
  "2014-09-30",
  "2014-10-31",
  "2014-11-30",
  "2014-12-31",
  "2015-01-31",
  "2015-02-28",
  "2015-03-31",
  "2015-04-30",
  "2015-05-31",
  "2015-06-30",
  "2015-07-31",
  "2015-08-31",
  "2015-09-30",
  "2015-10-31",
  "2015-11-30",
  "2015-12-31",
  "2016-01-01"
)

Dateiname <- c("RAW2013-12",

             "RAW2014-01",
             "RAW2014-02",
             "RAW2014-03",
             "RAW2014-04",
             "RAW2014-05",
             "RAW2014-06",
             "RAW2014-07",
             "RAW2014-08",
             "RAW2014-09",
             "RAW2014-10",
             "RAW2014-11",
             "RAW2014-12",

             "RAW2015-01",
             "RAW2015-02",
             "RAW2015-03",
             "RAW2015-04",
             "RAW2015-05",
             "RAW2015-06",
             "RAW2015-07",
             "RAW2015-08",
             "RAW2015-09",
             "RAW2015-10",
             "RAW2015-11",
             "RAW2015-12",

             "RAW2016-01"
             )

Kalender <- data.frame(Anfangsdatum = Anfangsdatum, Enddatum = Enddatum, Dateiname = Dateiname)

Monate <- c("2013-12",
                 "2014-01", "2014-02", "2014-03", "2014-04",
                 "2014-05", "2014-06", "2014-07", "2014-08",
                 "2014-09", "2014-10", "2014-11", "2014-12",
                 "2015-01", "2015-02", "2015-03", "2015-04",
                 "2015-05","2015-06", "2015-07",  "2015-08",
                 "2015-09", "2015-10", "2015-11","2015-12",
                 "2016-01")

